20180
5941
45368
29010
47372
34855
41302
55245
14587
31529
15889
65278
43912
21308
36861
5141
13845
6542
7186
8393
17862
20826
56481
4359
47709
53326
25892
414
40823
46483
4372
38918
63665
26240
40983
27370
27008
49052
58900
12911
29879
3705
43914
27993
54206
38536
42233
59036
61245
17194
40578
29799
56276
11649
59021
61529
49846
63541
26204
46727
16535
61198
9499
32924
52014
53377
37069
43488
28408
11196
29514
27314
25107
4890
8
25568
48770
20798
44097
34623
52122
25276
15950
36910
15560
48970
40221
32688
45246
53332
50542
63924
6238
42961
64218
42751
58890
48445
54796
30411
30000
51301
29456
32502
52388
9773
27049
26569
5468
62159
51519
35652
4200
23544
25026
56681
51934
19262
48515
7698
25336
58272
21902
60130
6069
55947
27878
56311
6397
13164
18203
40351
47948
37749
63161
53091
15396
18154
6116
37600
11594
12765
30095
1530
47486
36887
52256
10693
12067
27478
50654
56417
53570
40993
35661
56971
44804
49314
10075
20354
53814
65131
54234
29166
12267
57311
33150
58443
30762
2257
34523
7685
52247
61318
63204
63833
64066
25681
18474
16395
45075
19076
32365
41014
62231
31132
11883
36059
40463
11781
27712
28156
53718
46377
58833
7211
41545
39354
12330
3464
28896
50907
14238
21687
41654
11197
4600
49062
50089
59725
24495
2536
56622
4425
24498
24520
19139
19786
47259
59837
47310
15868
21752
63033
8804
8735
3638
45037
34899
64343
64965
23268
3268
22447
21879
29067
64667
35480
31343
60945
53038
9105
40977
47789
3989
839
21923
63179
38305
34443
57682
9687
8519
53505
4263
51377
54861
35900
33020
35631
55747
13134
42299
28022
23388
49871
51252
58295
9238
60067
32713
12381
44751
29940
60371
33551
16290
52691
24525
5202
8531
33938
54925
22668
30315
23431
40863
61335
2651
24798
56534
32403
32826
31635
40965
41481
44275
30414
13173
32142
64428
35891
30531
40316
25090
42771
22815
19950
44932
34693
36483
49590
17915
49437
41628
21249
30699
34262
35783
24581
44337
48830
49225
16036
56412
8584
49625
5241
3922
32896
25327
3079
19569
18869
25290
1332
61363
5827
7506
1553
60120
57550
56580
625
34167
14372
16109
7197
40725
7385
7689
62488
35780
25061
43950
40471
57318
65296
61774
64535
44924
17199
41914
55097
18790
24836
21726
46786
34109
32892
1416
58604
39748
1413
26794
3331
53147
37005
54230
38283
11439
54253
37047
7700
8914
28829
45123
4368
15563
58524
32136
57612
41059
12744
35483
35812
51147
19896
4479
16506
39523
60886
64546
19042
45582
44924
34064
40149
27499
34268
42334
51646
11214
22457
48890
54405
46434
43364
27696
63839
10572
29764
37091
10937
34472
2322
42830
3564
44161
13433
27671
43113
39500
17394
6995
40323
26297
59923
11581
56604
1361
4836
11526
25326
59827
12796
53560
14178
10297
29147
54165
15305
14613
60883
16540
34589
43346
2779
42190
46050
3678
24401
57957
40440
37243
62191
52391
46676
35486
1735
20942
27829
25182
56701
57495
52001
25249
65120
26241
28206
8791
18108
18064
40513
52051
27614
47484
43824
59272
47664
22179
27518
36235
19199
62564
9358
24779
18014
30099
20621
45448
17095
33825
64271
14462
25395
9704
29991
9149
28747
47863
16157
62063
3276
29770
28466
36306
4560
2431
60493
4940
39051
13094
18218
24542
50502
47415
14130
62822
54962
12534
1883
44872
40322
32382
65032
43959
26362
62378
52896
8675
43445
19257
57136
47458
49864
35583
62910
38164
43779
1667
12942
12593
25602
47825
62588
37423
40004
12564
58666
1473
39857
5548
23074
59991
24638
2368
206
61532
8157
40753
23292
1408
25331
29900
31583
22969
5212
13579
11006
35179
15053
53741
50223
7454
22147
19589
39870
65208
24254
54314
26532
54169
8169
35346
14915
874
54950
48385
3014
37456
43186
22335
30588
27505
25488
37767
64178
44063
19987
58095
15432
26903
64915
31062
27125
5117
58875
59096
43114
30829
44407
56976
45136
29413
21790
9362
41433
21007
47200
8645
42346
57656
12493
52173
18486
39638
52251
7163
31082
30938
12873
57953
22125
24410
23260
13365
27784
41598
34190
22104
64178
43860
40318
55597
61703
5592
35265
39213
45948
46661
50072
43807
60460
441
28079
33493
19993
12275
45306
13021
64802
46663
12062
49744
14845
12439
18532
48774
60125
30924
59337
20701
512
12770
43909
57248
40044
56792
65373
13318
58118
16152
2203
4449
18777
9140
52668
23069
9704
15363
34364
16754
57837
35922
30053
33780
6284
47979
40490
20601
2448
41799
16850
64976
16501
24401
49198
9005
24461
45430
41484
24809
42833
9787
26209
34753
15608
23929
60392
46592
61508
23065
56427
1783
32893
40177
28828
6354
15084
3778
56198
45848
31565
43073
3994
27505
46958
16129
50526
10916
38022
38762
24809
49114
13564
41118
47142
20359
49841
44041
50287
56635
58024
14579
61023
42763
36160
4510
8152
44490
61560
38137
56633
61936
57903
2742
55568
28967
48391
18634
19603
20303
44579
5776
42880
18072
49708
1037
13302
10291
53162
38985
10880
433
33135
6620
32781
13596
45191
60881
53177
17186
18256
54259
1152
10690
35361
45575
30804
32455
47771
19034
50737
63192
7296
6874
30786
61230
54093
49610
31298
7340
26987
323
65270
30265
724
50301
36445
15564
55204
9848
46429
4492
3485
16948
20260
62499
64578
46770
24807
55518
21572
1423
51670
2614
10926
57170
42998
29561
4310
46626
54898
11622
54723
35674
43014
37225
23283
28608
20473
51039
48911
65143
59984
15408
39891
45306
57489
61487
60230
5134
26589
49660
31074
978
61357
10645
21845
23824
47661
38322
9736
19723
12406
22411
25508
13446
18928
48479
28879
8097
1823
24100
13701
10265
18818
20413
59379
52057
31713
59437
63703
48900
36113
4349
56858
7790
47805
7488
39505
48949
57007
30204
10421
64445
12121
31020
19721
36240
16565
13447
64591
63504
9335
35295
38958
11154
44340
3690
25037
10837
28402
5181
54267
41417
17748
46164
24023
15339
5185
908
16730
23524
36850
29927
2555
36685
3282
37473
12760
6217
23238
60268
36164
1222
15071
20272
1979
37492
3564
2308
6210
32250
28282
63999
12399
64666
50596
41555
50894
49771
55281
48068
40357
45631
21131
8960
36878
53318
39383
58235
43971
19142
21686
10109
15209
63010
17474
10244
54921
22573
617
34042
42885
19319
58131
26942
5904
